hekman030 <-
list(nobj = 14L, ndim = 2L, name = "ekman", snew = 0.0022444459449378999, 
    itel = 38, xnew = c(-0.025720003263702669, -0.063807091602869626, 
    -0.031066081812661447, -0.060589799293096137, -0.062804848551872378, 
    -0.040529240528806638, -0.066180861694097121, -0.035132859631096677, 
    -0.069804450079407887, 0.0080090468461885313, -0.056372869396991335, 
    0.045853230665380454, -0.038776077835890987, 0.06435027651250487, 
    -0.027938635057267579, 0.069298356793984994, 0.042502991695316149, 
    0.052331679843710982, 0.060086192154626628, 0.025887561788497691, 
    0.069933965412245669, -0.00062519982527707595, 0.070486568641924166, 
    -0.014001964587423803, 0.067821233032272929, -0.021737675940342694, 
    0.067832876755505839, -0.029306321041354909), evec = c(0, 
    0.045100109706046033, 0.030708990242037104, 0.045100109706046033, 
    0.041309123643800842, 0.0011630292092529588, 0.09410083054196669, 
    0.085851298268992765, 0.035850020708527247, 0.024422203699390414, 
    0.12256418108806452, 0.11431897533362768, 0.096188430097294983, 
    0.079683499274346231, 0.015171511092748301, 0.1196734190573676, 
    0.1196734190573676, 0.11181616467459714, 0.11181616467459714, 
    0.067288101238385981, 0.01404127393658808, 0.12888672275800078, 
    0.1196734190573676, 0.11693187761835566, 0.11431897533362768, 
    0.077622887735857363, 0.039457104351553723, 0.0047263453350317904, 
    0.13611041271915206, 0.13611041271915206, 0.13611041271915206, 
    0.13611041271915206, 0.1196734190573676, 0.10259865828507241, 
    0.085851298268992765, 0.063158769096577874, 0.1196734190573676, 
    0.12888672275800078, 0.14013753735063084, 0.14013753735063084, 
    0.13611041271915206, 0.11693187761835566, 0.10259865828507241, 
    0.09202756925344284, 0.018851838756531424, 0.11431897533362768, 
    0.1196734190573676, 0.13611041271915206, 0.14448854561719068, 
    0.13611041271915206, 0.13611041271915206, 0.12562692133285444, 
    0.12888672275800078, 0.054983457215346206, 0.004147195820922463, 
    0.10707599038020232, 0.10940679640177377, 0.14013753735063084, 
    0.14013753735063084, 0.14013753735063084, 0.13611041271915206, 
    0.13611041271915206, 0.13237114994622737, 0.075559383911364783, 
    0.030708990242037104, 0.0031097676832469051, 0.10481051261354685, 
    0.10481051261354685, 0.12562692133285444, 0.13611041271915206, 
    0.13611041271915206, 0.13611041271915206, 0.13611041271915206, 
    0.13611041271915206, 0.089963971233444087, 0.047034841172640167, 
    0.01404127393658808, 0.00017896467072287922, 0.098295985216183698, 
    0.10259865828507241, 0.13237114994622737, 0.12888672275800078, 
    0.14448854561719068, 0.14013753735063084, 0.14448854561719068, 
    0.13611041271915206, 0.083796882977543383, 0.073493310029493705, 
    0.022960202536633847, 0.0082682279785694038, 0.0031097676832469051
    ), dvec = c(0.0062395132549073742, 0.043785204129634221, 
    0.037546975005472202, 0.049591255722107583, 0.043371690572035132, 
    0.0063654058417074427, 0.084267408841028388, 0.07878110730125161, 
    0.049040389097578463, 0.043293815808738569, 0.11386388576788418, 
    0.10941001839219083, 0.086621600570893312, 0.081577837274649748, 
    0.04015706175218816, 0.1288206974266719, 0.12517773995797954, 
    0.10759690942094924, 0.10318874238637349, 0.064320245991405026, 
    0.025530134710091822, 0.13312393744163048, 0.12992580195984851, 
    0.11522913684111598, 0.11121306965534619, 0.074223486723173623, 
    0.03685348859568794, 0.011913591584904572, 0.13469443668652167, 
    0.13477265682350623, 0.14040260592296155, 0.13950708101423262, 
    0.12073714123589349, 0.099087871157379798, 0.082162849328306198, 
    0.072456130908883615, 0.12412829660945983, 0.12564661168946778, 
    0.13969037016194882, 0.14023858498238417, 0.13111529367893099, 
    0.11815811843112967, 0.1060807657005659, 0.098147171781423598, 
    0.031756264234168885, 0.11463696250361279, 0.11745962169515715, 
    0.13860708927421311, 0.14042088428529345, 0.14000491055567199, 
    0.13458700167699245, 0.12664788205230043, 0.12028445324709305, 
    0.059639663172544481, 0.028282594762898357, 0.10833399814858324, 
    0.11172898977845586, 0.13590547548351756, 0.13829136357704319, 
    0.14200723417558611, 0.1402710284353143, 0.13445222051240865, 
    0.12894364763521071, 0.071994673151858618, 0.041223077827509051, 
    0.01338817410371039, 0.10256606954527411, 0.10624588710278975, 
    0.13197081529531518, 0.1346699385058302, 0.14080375054839808, 
    0.1413955647606889, 0.13701869303802208, 0.13212687687420671, 
    0.078276962196173097, 0.048249291457050647, 0.021217923692449302, 
    0.0081820073360852688, 0.099711807371176978, 0.10372878104651204, 
    0.13111891242421067, 0.13414033936581621, 0.14260599713491565, 
    0.14517584368639291, 0.14190499450137817, 0.13745932113143644, 
    0.085477285085994864, 0.055734870809404376, 0.028757977810597718, 
    0.015532720531092585, 0.0075686540574508307), wvec = numeric(0), 
    delta = c(0.0027439999999999999, 0.19511200000000001, 0.125, 
    0.19511200000000001, 0.17561599999999999, 0.0068589999999999996, 
    0.55136799999999997, 0.47455199999999997, 0.14887700000000001, 
    0.097336000000000006, 0.83058399999999999, 0.75357099999999999, 
    0.57178700000000005, 0.421875, 0.059318999999999997, 0.80435699999999999, 
    0.80435699999999999, 0.72899999999999998, 0.72899999999999998, 
    0.328509, 0.054871999999999997, 0.88473599999999997, 0.80435699999999999, 
    0.77868800000000005, 0.75357099999999999, 0.40522399999999997, 
    0.166375, 0.019682999999999999, 0.94119200000000003, 0.94119200000000003, 
    0.94119200000000003, 0.94119200000000003, 0.80435699999999999, 
    0.63605599999999995, 0.47455199999999997, 0.300763, 0.80435699999999999, 
    0.88473599999999997, 0.97029900000000002, 0.97029900000000002, 
    0.94119200000000003, 0.77868800000000005, 0.63605599999999995, 
    0.53144100000000005, 0.074088000000000001, 0.75357099999999999, 
    0.80435699999999999, 0.94119200000000003, 1, 0.94119200000000003, 
    0.94119200000000003, 0.857375, 0.88473599999999997, 0.25004700000000002, 
    0.017576000000000001, 0.68147199999999997, 0.70496899999999996, 
    0.97029900000000002, 0.97029900000000002, 0.97029900000000002, 
    0.94119200000000003, 0.94119200000000003, 0.91267299999999996, 
    0.389017, 0.125, 0.013823999999999999, 0.65850299999999995, 
    0.65850299999999995, 0.857375, 0.94119200000000003, 0.94119200000000003, 
    0.94119200000000003, 0.94119200000000003, 0.94119200000000003, 
    0.51200000000000001, 0.20537900000000001, 0.054871999999999997, 
    0.003375, 0.59270400000000001, 0.63605599999999995, 0.91267299999999996, 
    0.88473599999999997, 1, 0.97029900000000002, 1, 0.94119200000000003, 
    0.45653300000000002, 0.37324800000000002, 0.091124999999999998, 
    0.032767999999999999, 0.013823999999999999),