ylist <-
list(structure(c(1, 1, 1, 1, 0, 0, 0, 0, 0, 0, 0, 0, 0, 1, 1, 
1, 0, 0, 0, 0, 0, 0, 0, 0, 0, 1, 1), dim = c(9L, 3L)), structure(c(1, 
0, 0, 0, 1, 0, 0, 0, 0, 0, 1, 0, 0, 0, 1, 0, 0, 0, 0, 0, 1, 0, 
0, 0, 1, 0, 0), dim = c(9L, 3L)))
